2 
3 
2004070716013026 
2004070716013141 
2004070716013289 
2004070716013379 
2004070716013469 
2004070716013597 
2004070716013611 
2004070716013728 
2004070716013830 
2004070716013978 
2004070716014083 
2004070716014158 
2004070716014217 
2004070716014314 
2004070716014448 
2004070716014571 
2004070716014654 
2004070716014719 
2004070716014887 
2004070716015097 
2004070716015177 
2004070716015266 
2004070716015332 
2004070716015454 
2004070716015597 
2004070716015647 
2004070716015757 
2004070716015854 
2004070716015945 
2004070716020010 
2004070716020185 
2004070716020228 
2004070716020358 
2004070716020439 
2004070716020561 
2004070716020657 
2004070716020748 
2004070716020817 
2004070716020998 
2004070716021094 
2004070716021157 
2004070716021255 
2004070716021377 
2004070716021463 
2004070716021558 
2004070716021681 
2004070716021814 
2004070716021910 
2004070716022071 
2004070716022176 
2004070716022235 
2004070716022311 
2004070716022478 
2004070716022537 
2004070716022633 
2004070716022737 
2004070716022838 
2004070716022975 
2004070716023061 
2004070716023156 
2004070716023253 
2004070716023375 
2004070716023451 
2004070716023510 
2004070716023613 
2004070716023736 
2004070716023858 
2004070716023916 
2004070716024084 
2004070716024192 
2004070716024238 
2004070716024333 
2004070716024438 
2004070716024536 
2004070716024657 
2004070716024741 
2004070716024883 
2004070716024961 
2004070716025125 
2004070716025267 
2004070716025324 
2004070716025485 
2004070716025557 
2004070716025622 
2004070716025749 
2004070716025878 
2004070716025943 
2004070716030094 
2004070716030139 
2004070716030266 
2004070716030316 
2004070716030413 
2004070716030515 
2004070716030613 
2004070716030781 
2004070716030839 
2004070716030916 
2004070716031020 
2004070716031122 
2004070716031289 
2004070716031336 
2004070716031485 
2004070716031560 
2004070716031617 
2004070716031721 
2004070716031830 
2004070716031943 
2004070716032057 
2004070716032165 
2004070716032216 
2004070716032478 
2004070716032575 
2004070716032654 
2004070716032745 
2004070716032859 
2004070716032949 
2004070716033032 
2004070716033187 
2004070716033232 
2004070716033350 
2004070716033440 
2004070716033526 
2004070716033699 
2004070716033775 
2004070716033827 
2004070716033917 
2004070716034091 
2004070716034124 
2004070716034281 
2004070716034367 
2004070716034493 
2004070716034563 
2004070716034646 
2004070716034736 
2004070716034820 
2004070716034995 
2004070716035066 
2004070716035130 
2004070716035291 
2004070716035369 
2004070716035498 
2004070716035588 
2004070716035798 
2004070716035824 
2004070716035988 
2004070716040061 
2004070716040172 
2004070716040234 
2004070716040328 
2004070716040416 
2004070716040520 
2004070716040643 
2004070716040726 
2004070716040818 
2004070716040919 
2004070716041080 
2004070716041166 
2004070716041293 
2004070716041313 
2004070716041455 
2004070716041576 
2004070716041686 
2004070716041738 
2004070716041822 
2004070716041992 
2004070716042070 
2004070716042111 
2004070716042221 
2004070716042376 
2004070716042429 
2004070716042551 
2004070716042641 
2004070716042723 
2004070716042827 
2004070716042971 
2004070716043147 
2004070716043261 
2004070716043384 
2004070716043469 
2004070716043571 
2004070716043664 
2004070716043752 
2004070716043881 
2004070716043946 
2004070716044035 
2004070716044132 
2004070716044247 
2004070716044364 
2004070716044481 
2004070716044558 
2004070716044648 
2004070716044798 
2004070716044944 
2004070716045012 
2004070716045182 
2004070716045231 
2004070716045394 
2004070716045443 
2004070716045528 
2004070716045613 
2004070716045785 
2004070716045862 
2004070716045979 
2004070716050099 
2004070716050270 
2004070716050379 
2004070716050419 
2004070716050582 
2004070716050636 
2004070716050775 
2004070716050866 
2004070716050930 
2004070716051012 
2004070716051125 
2004070716051226 
2004070716051362 
2004070716051477 
2004070716051518 
2004070716051690 
2004070716051735 
2004070716051866 
2004070716051950 
2004070716052085 
2004070716052119 
2004070716052228 
2004070716052338 
2004070716052497 
2004070716052575 
2004070716052665 
2004070716052744 
2004070716052879 
2004070716052950 
2004070716053042 
2004070716053123 
2004070716053291 
2004070716053374 
2004070716053598 
2004070716053619 
2004070716053778 
2004070716053874 
2004070716053984 
2004070716054061 
2004070716054191 
2004070716054285 
2004070716054315 
2004070716054494 
2004070716054551 
2004070716054635 
2004070716054763 
2004070716054848 
2004070716054932 
2004070716055016 
2004070716055176 
2004070716055259 
2004070716055337 
2004070716055446 
2004070716055517 
2004070716055615 
2004070716055750 
2004070716055840 
2004070716055930 
2004070716060046 
2004070716060146 
2004070716060229 
2004070716060329 
2004070716060439 
2004070716060549 
2004070716060632 
2004070716060767 
2004070716060972 
2004070716061068 
2004070716061177 
2004070716061261 
2004070716061344 
2004070716061488 
2004070716061526 
2004070716061681 
2004070716061759 
2004070716061848 
2004070716061938 
2004070716062042 
2004070716062133 
2004070716062280 
2004070716062390 
2004070716062487 
2004070716062566 
2004070716062631 
2004070716062792 
2004070716062849 
2004070716062993 
2004070716063070 
2004070716063195 
2004070716063227 
2004070716063318 
2004070716063440 
2004070716063545 
2004070716063653 
2004070716063781 
2004070716063858 
2004070716063949 
2004070716064180 
2004070716064224 
2004070716064390 
2004070716064417 
2004070716064590 
2004070716064661 
2004070716064778 
2004070716064848 
2004070716064915 
2004070716065067 
2004070716065125 
2004070716065260 
2004070716065339 
2004070716065455 
2004070716065525 
2004070716065649 
2004070716065748 
2004070716065848 
2004070716065964 
2004070716070024 
2004070716070154 
2004070716070230 
2004070716070378 
2004070716070430 
2004070716070520 
2004070716070658 
2004070716070752 
2004070716070881 
2004070716070921 
2004070716071036 
2004070716071132 
2004070716071248 
2004070716071445 
2004070716071580 
2004070716071682 
2004070716071776 
2004070716071862 
2004070716071943 
2004070716072027 
2004070716072170 
2004070716072272 
2004070716072343 
2004070716072477 
2004070716072529 
2004070716072685 
2004070716072749 
2004070716072813 
2004070716072993 
2004070716073097 
2004070716073111 
2004070716073244 
2004070716073353 
2004070716073457 
2004070716073517 
2004070716073689 
2004070716073794 
2004070716073811 
2004070716073921 
2004070716074076 
2004070716074133 
2004070716074263 
2004070716074329 
2004070716074437 
2004070716074528 
2004070716074673 
2004070716074814 
2004070716074968 
2004070716075090 
2004070716075161 
2004070716075284 
2004070716075362 
2004070716075468 
2004070716075560 
2004070716075670 
2004070716075780 
2004070716075870 
2004070716075982 
2004070716080020 
2004070716080132 
2004070716080275 
2004070716080321 
2004070716080476 
2004070716080598 
2004070716080655 
2004070716080729 
2004070716080863 
2004070716080999 
2004070716081171 
2004070716081273 
2004070716081375 
2004070716081472 
2004070716081595 
2004070716081635 
2004070716081789 
2004070716081817 
2004070716081978 
2004070716082066 
2004070716082132 
2004070716082219 
2004070716082357 
2004070716082421 
2004070716082539 
2004070716082636 
2004070716082737 
2004070716082859 
2004070716082998 
2004070716083088 
2004070716083117 
2004070716083222 
2004070716083317 
2004070716083485 
2004070716083510 
2004070716083642 
2004070716083756 
2004070716083833 
2004070716083956 
2004070716084028 
2004070716084117 
2004070716084251 
2004070716084385 
2004070716084534 
2004070716084674 
2004070716084770 
2004070716084880 
2004070716084969 
2004070716085095 
2004070716085170 
2004070716085271 
2004070716085369 
2004070716085494 
2004070716085527 
2004070716085630 
2004070716085736 
2004070716085887 
2004070716085967 
2004070716090074 
9879879879798 
6546546987943651 
2004070716040172 
2222222222222222 
4 
2004070812095458 
2004070812095554 
2004070812095638 
2004070812095755 
2004070812095813 
2004070812095961 
2004070812100097 
2004070812100148 
2004070812100265 
2004070812100370 
2004070812100480 
2004070812100533 
2004070812100686 
2004070812100795 
2004070812100896 
2004070812100968 
2004070812101020 
2004070812101141 
2004070812101210 
2004070812101387 
2004070812101447 
2004070812101516 
2004070812101714 
2004070812101854 
2004070812101919 
2004070812102087 
2004070812102125 
2004070812102222 
2004070812102366 
2004070812102422 
2004070812102554 
2004070812102616 
2004070812102716 
2004070812102832 
2004070812102913 
2004070812103048 
2004070812103185 
2004070812103235 
2004070812103376 
2004070812103493 
2004070812103589 
2004070812103635 
2004070812103739 
2004070812103868 
2004070812103940 
2004070812104022 
2004070812104166 
2004070812104249 
2004070812104396 
2004070812104467 
2004070812104584 
2004070812104681 
2004070812104758 
2004070812104883 
2004070812105025 
2004070812105147 
2004070812105267 
2004070812105361 
2004070812105415 
2004070812105529 
2004070812105658 
2004070812105794 
2004070812105839 
2004070812105968 
2004070812110015 
2004070812110137 
2004070812110227 
2004070812110324 
2004070812110465 
2004070812110594 
2004070812110613 
2004070812110787 
2004070812110847 
2004070812110937 
2004070812111066 
2004070812111164 
2004070812111247 
2004070812111338 
2004070812111415 
2004070812111579 
2004070812111613 
2004070812111785 
2004070812111810 
2004070812112013 
2004070812112180 
2004070812112219 
2004070812112375 
2004070812112472 
2004070812112575 
2004070812112613 
2004070812112736 
2004070812112839 
2004070812112994 
2004070812113019 
2004070812113194 
2004070812113215 
2004070812113329 
2004070812113464 
2004070812113524 
2004070812113623 
2004070812113737 
2004070812113816 
2004070812113968 
2004070812114074 
2004070812114117 
2004070812114293 
2004070812114353 
2004070812114435 
2004070812114645 
2004070812114741 
2004070812114877 
2004070812114973 
2004070812115084 
2004070812115186 
2004070812115214 
2004070812115353 
2004070812115414 
2004070812115584 
2004070812115650 
2004070812115795 
2004070812115813 
2004070812115912 
2004070812120092 
2004070812120185 
2004070812120266 
2004070812120333 
2004070812120467 
2004070812120534 
2004070812120674 
2004070812120781 
2004070812120835 
2004070812120940 
2004070812121018 
2004070812121141 
2004070812121258 
2004070812121387 
2004070812121485 
2004070812121535 
2004070812121798 
2004070812121836 
2004070812121984 
2004070812122061 
2004070812122124 
2004070812122211 
2004070812122321 
2004070812122494 
2004070812122539 
2004070812122683 
2004070812122727 
2004070812122884 
2004070812122963 
2004070812123086 
2004070812123128 
2004070812123297 
2004070812123322 
2004070812123432 
2004070812123589 
2004070812123632 
2004070812123728 
2004070812123868 
2004070812123964 
2004070812124067 
2004070812124125 
2004070812124279 
2004070812124372 
2004070812124455 
2004070812124535 
2004070812124635 
2004070812124874 
2004070812124910 
2004070812125067 
2004070812125143 
2004070812125215 
2004070812125379 
2004070812125447 
2004070812125516 
2004070812125677 
2004070812125769 
2004070812125872 
2004070812125912 
2004070812130093 
2004070812130149 
2004070812130288 
2004070812130382 
2004070812130473 
2004070812130592 
2004070812130617 
2004070812130778 
2004070812130895 
2004070812130929 
2004070812131039 
2004070812131163 
2004070812131242 
2004070812131376 
2004070812131441 
2004070812131644 
2004070812131727 
2004070812131837 
2004070812131980 
2004070812132071 
2004070812132157 
2004070812132253 
2004070812132364 
2004070812132455 
2004070812132548 
2004070812132666 
2004070812132716 
2004070812132865 
2004070812132922 
2004070812133023 
2004070812133165 
2004070812133236 
2004070812133311 
2004070812133422 
2004070812133510 
2004070812133622 
2004070812133784 
2004070812133856 
2004070812133941 
2004070812134083 
2004070812134240 
2004070812134373 
2004070812134443 
2004070812134587 
2004070812134682 
2004070812134766 
2004070812134832 
2004070812134987 
2004070812135077 
2004070812135162 
2004070812135215 
2004070812135389 
2004070812135441 
2004070812135539 
2004070812135656 
2004070812135823 
2004070812135916 
2004070812140078 
2004070812140168 
2004070812140292 
2004070812140333 
2004070812140481 
2004070812140564 
2004070812140637 
2004070812140742 
2004070812140842 
2004070812140991 
2004070812141044 
2004070812141183 
2004070812141232 
2004070812141387 
2004070812141461 
2004070812141554 
2004070812141669 
2004070812141771 
2004070812141821 
2004070812141991 
2004070812142034 
2004070812142173 
2004070812142234 
2004070812142335 
2004070812142580 
2004070812142662 
2004070812142714 
2004070812142818 
2004070812142941 
2004070812143033 
2004070812143121 
2004070812143232 
2004070812143325 
2004070812143446 
2004070812143543 
2004070812143641 
2004070812143798 
2004070812143817 
2004070812143973 
2004070812144012 
2004070812144192 
2004070812144232 
2004070812144319 
2004070812144420 
2004070812144523 
2004070812144674 
2004070812144776 
2004070812144891 
2004070812144988 
2004070812145020 
2004070812145150 
2004070812145240 
2004070812145498 
2004070812145536 
2004070812145653 
2004070812145743 
2004070812145822 
2004070812145945 
2004070812150092 
2004070812150160 
2004070812150288 
2004070812150313 
2004070812150430 
2004070812150534 
2004070812150665 
2004070812150734 
2004070812150878 
2004070812150943 
2004070812151092 
2004070812151126 
2004070812151371 
2004070812151443 
2004070812151598 
2004070812151645 
2004070812151723 
2004070812151833 
2004070812151933 
2004070812152043 
2004070812152142 
2004070812152270 
2004070812152316 
2004070812152497 
2004070812152557 
2004070812152638 
2004070812152711 
2004070812152882 
2004070812152971 
2004070812153068 
2004070812153173 
2004070812153259 
2004070812153375 
2004070812153573 
2004070812153612 
2004070812153793 
2004070812153833 
2004070812153914 
2004070812154099 
2004070812154139 
2004070812154265 
2004070812154310 
2004070812154494 
2004070812154586 
2004070812154613 
2004070812154736 
2004070812154847 
2004070812154971 
2004070812155095 
2004070812155165 
2004070812155246 
2004070812155310 
2004070812155436 
2004070812155551 
2004070812155696 
2004070812155779 
2004070812155913 
2004070812160084 
2004070812160153 
2004070812160285 
2004070812160336 
2004070812160446 
2004070812160524 
2004070812160617 
2004070812160722 
2004070812160852 
2004070812160937 
2004070812161014 
2004070812161176 
2004070812161226 
2004070812161345 
2004070812161417 
2004070812161516 
2004070812161682 
2004070812161768 
2004070812161860 
2004070812161951 
2004070812162045 
2004070812162147 
2004070812162288 
2004070812162399 
2004070812162579 
2004070812162669 
2004070812162749 
2004070812162814 
2004070812162965 
2004070812163069 
2004070812163140 
2004070812163272 
2004070812163367 
2004070812163492 
2004070812163594 
2004070812163695 
2004070812163762 
2004070812163889 
2004070812163979 
2004070812164084 
2004070812164195 
2004070812164295 
2004070812164327 
2004070812164410 
2004070812164547 
2004070812164689 
2004070812164781 
2004070812164814 
2004070812165013 
2004070812165193 
2004070812165272 
2004070812165325 
2004070812165423 
2004070812165558 
2004070812165695 
2004070812165754 
2004070812165819 
2004070812165987 
2004070812170028 
2004070812170179 
2004070812170255 
2004070812170330 
2004070812170448 
2004070812170558 
2004070812170665 
2004070812170760 
2004070812170844 
2004070812170923 
2004070812171040 
2004070812171185 
2004070812171287 
2004070812171327 
2004070812171596 
2004070812171647 
2004070812171759 
2004070812171830 
2004070812171941 
2004070812172059 
2004070812172181 
2004070812172285 
2004070812172338 
2004070812172494 
2004070812172573 
2004070812172650 
2004070812172793 
2004070812172865 
2004070812172956 
2004070812173079 
2004070812173146 
2004070812173250 
2004070812173372 
2004070812173464 
2004070812173567 
2004070812173692 
2004070812173758 
2004070812173848 
2004070812173971 
2004070812174144 
2004070812174248 
2004070812174370 
2004070812174484 
2004070812174541 
2004070812174678 
2004070812174768 
2004070812174834 
2004070812174944 
2004070812175099 
2004070812175173 
2004070812175263 
2004070812175356 
2004070812175465 
2004070812175526 
2004070812175643 
2004070812175758 
2004070812175888 
2004070812175966 
2004070812180044 
2004070812180181 
2004070812180233 
2004070812180352 
2004070812180487 
2004070812180571 
2004070812180725 
2004070812180854 
2004070812180920 
2004070812181043 
2004070812181173 
2004070812181278 
2004070812181330 
2004070812181429 
2004070812181555 
2004070812181643 
2004070812181746 
2004070812181885 
2004070812181975 
2004070812182048 
2004070812182193 
2004070812182256 
2004070812182350 
2004070812182440 
2004070812182536 
2004070812182628 
2004070812182728 
2004070812182885 
2004070812182998 
2004070812183088 
2004070812183115 
2004070812183378 
2004070812183444 
2004070812183580 
2004070812183620 
2004070812183743 
2004070812183815 
2004070812183944 
2004070812184018 
2004070812184125 
2004070812184235 
2004070812184391 
2004070812184417 
2004070812184586 
2004070812184647 
2004070812184792 
2004070812184861 
2004070812184978 
2004070812185081 
2004070812185152 
2004070812185265 
2004070812185348 
2004070812185453 
2004070812185657 
2004070812185748 
2004070812185838 
2004070812185970 
2004070812190022 
2004070812190190 
2004070812190295 
2004070812190368 
2004070812190452 
2004070812190519 
2004070812190617 
2004070812190747 
2004070812190823 
2004070812190994 
2004070812191090 
2004070812191183 
2004070812191246 
2004070812191357 
2004070812191435 
2004070812191533 
2004070812191637 
2004070812191799 
2004070812191877 
2004070812191963 
2004070812192085 
2004070812192238 
2004070812192385 
2004070812192414 
2004070812192577 
2004070812192610 
2004070812192778 
2004070812192868 
2004070812192967 
2004070812193052 
2004070812193175 
2004070812193241 
2004070812193347 
2004070812193438 
2004070812193524 
2004070812193659 
2004070812193735 
2004070812193855 
2004070812193943 
2004070812194041 
2004070812194158 
2004070812194276 
2004070812194384 
2004070812194471 
2004070812194545 
2004070812194634 
2004070812194893 
2004070812194951 
2004070812195080 
2004070812195133 
2004070812195281 
2004070812195386 
2004070812195458 
2004070812195555 
2004070812195634 
2004070812195752 
2004070812195880 
2004070812195953 
2004070812200056 
2004070812200154 
2004070812200232 
2004070812200330 
2004070812200434 
2004070812200554 
2004070812200636 
2004070812200722 
2004070812200857 
2004070812200929 
2004070812201052 
2004070812201196 
2004070812201211 
2004070812201464 
2004070812201595 
2004070812201699 
2004070812201786 
2004070812201811 
2004070812201915 
2004070812202097 
2004070812202162 
2004070812202223 
2004070812202324 
2004070812202497 
2004070812202549 
2004070812202679 
2004070812202764 
2004070812202867 
2004070812202972 
2004070812203031 
2004070812203134 
2004070812203240 
2004070812203370 
2004070812203447 
2004070812203551 
2004070812203637 
2004070812203785 
2004070812203951 
2004070812204043 
2004070812204151 
2004070812204264 
2004070812204359 
2004070812204453 
2004070812204595 
2004070812204648 
2004070812204790 
2004070812204865 
2004070812204994 
2004070812205021 
2004070812205125 
2004070812205223 
2004070812205333 
2004070812205436 
2004070812205516 
2004070812205620 
2004070812205745 
2004070812205812 
2004070812205943 
2004070812210073 
2004070812210172 
2004070812210249 
2004070812210492 
2004070812210512 
2004070812210661 
2004070812210754 
2004070812210840 
2004070812210961 
2004070812211092 
2004070812211132 
2004070812211235 
2004070812211334 
2004070812211419 
2004070812211515 
2004070812211663 
2004070812211726 
2004070812211843 
2004070812211947 
2004070812212080 
2004070812212191 
2004070812212298 
2004070812212371 
2004070812212440 
2004070812212521 
2004070812212623 
2004070812212886 
2004070812212997 
2004070812213088 
2004070812213140 
2004070812213258 
2004070812213382 
2004070812213448 
2004070812213519 
2004070812213669 
2004070812213741 
2004070812213812 
2004070812213956 
2004070812214086 
2004070812214113 
2004070812214217 
2004070812214347 
2004070812214420 
2004070812214599 
2004070812214660 
2004070812214719 
2004070812214879 
2004070812214977 
2004070812215177 
2004070812215268 
2004070812215391 
2004070812215464 
2004070812215561 
2004070812215646 
2004070812215756 
2004070812215854 
2004070812215939 
2004070812220011 
2004070812220141 
2004070812220261 
2004070812220349 
555 
